m = 20, n = 5
result_AP: [0.34116723 4.80386295 0.6398648  0.18095675 1.71469175]
b:         [0.49102164 6.6427986  2.0292455  1.49781271 3.917172  ]
RRR_algorithm Converged in 39 iterations.
result_RRR: [0.26682046 5.04695436 2.16968299 0.96075844 3.05631039]
b:          [0.49102164 6.6427986  2.0292455  1.49781271 3.917172  ]
Backend TkAgg is interactive backend. Turning interactive mode on.
